3.477278041865462743e+00 2.537016235433049971e+01
9.087955092708014604e+00 4.310030635873132177e+00
2.216071048417024514e+00 2.218732914791091915e+01
6.032179488471882678e+00 2.001381724511039550e+01
2.095503783621399663e+00 2.307755093900792076e+01
5.378990130405610692e+00 3.046567649133322320e+01
7.784517683904796925e+00 2.666113562830438255e+01
5.799057405657449316e+00 2.529412060173445553e+01
2.533174087999406243e+00 2.433768260047682119e+01
9.944983356584769396e+00 1.433875143768530336e+01
4.818419414907555876e+00 1.000987288877288961e+01
4.176622157604485963e+00 2.755672814337435739e+01
7.907723575218748024e+00 1.441795562862473901e+01
4.384806835794567093e+00 3.855567199523411759e+00
