9.337688160522811032e+00 1.465788734083162659e+01
5.746965166198111596e+00 2.092227511566313680e+01
3.901887762890752231e+00 1.064182491872933234e+00
8.652984745738979910e+00 2.342511069439542482e+01
3.883017798574184720e+00 2.882210770620762474e+01
7.371182398786588763e+00 3.396001869264950557e+01
3.661743007554228324e+00 1.947648592910658394e+01
8.863224881547797196e+00 3.071752139354803290e+01
2.245096758715006136e+00 1.540617246425064835e+01
3.606674943717368187e+00 1.687439694324889672e+01
1.687993420000720501e+00 1.679080367448871414e+01
5.995687346331278533e+00 8.022756441582391318e+00
9.912138427142521024e+00 2.876361710962727969e+01
3.370190572609847557e+00 4.982637023193086989e+00
