4.955894795790985796e+00 1.170434773075193213e+01
5.668179831275875102e+00 2.014617616683411327e+01
8.051215537331732008e+00 3.245415499710750140e+01
5.028651044524112379e+00 2.180937980158907763e+01
8.727302431030983243e+00 2.730816665702218771e+01
9.405360610136909827e+00 1.724500209189816857e+01
4.357273827458494786e+00 2.640991305867757433e+01
9.948576442710114875e+00 2.731687632418877243e+01
1.603021035212249590e+00 2.499454354651208021e+01
9.439640630317747139e+00 1.272563766356572579e+01
1.665797955792684970e+00 5.623026615979286547e+00
4.125486807023465374e+00 2.613558317074958737e+01
9.628691480609745668e+00 2.485062436210631631e+01
3.197152532353582544e+00 2.026953376345137414e+01
