4.553912069542676022e+00 2.500880229264668486e+01
4.005596480187566755e+00 1.431819682365450319e+01
5.500343871493389436e+00 2.473124709493740880e+01
2.219014064457753843e+00 1.236580506596243545e+01
4.055215307891633536e+00 2.809450158840978062e+01
8.593989387318201167e+00 3.927085073920728142e+00
2.581266275830977452e+00 2.110547890322024500e+01
2.759378160988299467e+00 2.294462272412970094e+01
1.284345613778713258e+00 3.331639890967738182e+01
3.382506867520560068e+00 7.831642203910991640e+00
5.943053707570198796e+00 3.293808299036219722e+01
4.020998406613580656e+00 1.259643454774978899e+01
7.203321638951067030e+00 1.012963808767704066e+01
3.639781795809505560e+00 2.346418954373100973e+01
