4.425893787722788630e+00 9.318863256111669102e+00 2.667274715356887649e-02 -8.323451281660079748e-02 -8.909667624856938695e-02 2.262017181748698924e-02 3.736263636041736724e-03
9.717817273648641674e+00 2.333229446211791469e+01 -9.309636661647456568e-02 5.534574889301385747e-02 3.080321907893007749e-03 -1.722696805271588250e-02 7.263910188220451536e-02
7.322231488422177748e+00 2.409961258481061463e+01 -1.701994288281974410e-02 6.967209886092612381e-02 4.101832972905253283e-02 -8.019900099588660181e-02 7.640830535080714303e-02
6.703517420385940895e+00 1.502017779905553407e+00 -7.187744427759582000e-02 8.509099320900970209e-02 -4.649507694301131810e-02 -2.267185175124257490e-02 -9.933434135499111250e-02
6.816099340323086508e+00 2.850329692488522326e+01 1.912237867754637555e-02 1.021920340841908637e-02 -7.145844063878784014e-02 4.228891229299674981e-03 -9.356401519684885704e-02
1.936375773664810396e+00 2.737353108823461767e+01 -4.295826640930666684e-02 8.584830142669835906e-02 9.504179700613915593e-02 -3.906802240599945020e-02 -2.131699286710093955e-02
2.358857147895333739e+00 1.646083090356600209e+01 -5.365408096150144079e-02 -3.312668723760336942e-02 1.284914101744119574e-02 2.055420702717108972e-03 7.319378651218347298e-02
9.090318010494979006e+00 2.849169612364342896e+01 5.218833197752820174e-02 -9.901539537808877467e-02 -5.854713999946712516e-02 -9.056273521774722834e-02 6.299304521982868055e-02
5.010162884820700491e+00 2.025890800746909193e+01 1.207997532454947731e-02 4.095274119393582657e-02 8.485254200385783374e-02 -1.181700844362967850e-02 4.781687690216335218e-02
9.942270481352418088e+00 1.574785019896917149e+01 1.750893078960563676e-03 -8.511330396602508064e-02 -4.030201680214968996e-02 9.028642198442135558e-02 2.382432554983779371e-02
4.713858383252763851e+00 4.803128009886886929e+00 -1.874208549467995533e-02 -5.786737744662571320e-02 -3.270772720789452692e-02 -5.376072994188496601e-02 4.894752807544691664e-02
8.718090313095617105e+00 2.768976171886582449e+01 -8.298636575788170822e-02 -4.273018507565844865e-02 -2.624244787816949753e-02 -8.090822050281665234e-03 -8.629813366629789095e-02
5.612705567592113809e+00 2.984995516945066285e+01 -1.263259846200921743e-02 -7.679964315407424025e-02 8.255794856897527567e-02 1.820417377723393404e-02 6.067582430177104191e-02
7.124295695898835490e+00 6.127071738666193035e+00 5.638906692017722766e-02 -3.521912777216427981e-02 -5.268999638447915967e-03 7.422083456047989802e-02 4.079897536421714377e-02
8.981263494309992268e+00 3.227468737655352982e+01 2.397464233889004537e-02 -2.423713223983570142e-02 4.510782835539428604e-02 -9.551510789601203033e-02 3.963903016764752651e-02
9.646068089924860089e+00 2.863356966391829062e+01 -5.320470137821040058e-03 1.892103484350063369e-02 1.665339165854320957e-02 -3.670792638526182428e-03 -1.359975095547845403e-02
8.511321774535460349e+00 2.208307279484453289e+01 -5.074640108631170432e-02 8.224493244472072528e-02 4.101212338882392894e-02 9.282269375871152195e-02 -5.744332287714273844e-02
9.184859434975903625e+00 4.009991449649154660e+00 -5.075326308005001508e-04 -8.553162497346862569e-02 -6.826641920437734323e-02 8.168838527032545871e-02 -1.081109031437058055e-03
7.144438781771782487e+00 7.705282858464546081e-01 4.211181546314132773e-02 1.502517060328771581e-02 5.098411670031777199e-03 -4.371359861595565388e-02 -1.649962926958496723e-02
3.254069950811708356e+00 7.769262684815323894e+00 9.010759988553435074e-02 8.555341887796155675e-02 4.966332455138647295e-02 -1.849108598777886303e-02 -5.826510295051606086e-02
5.786913088417245277e+00 7.652990109726942602e-01 9.173876442113129692e-02 -4.461087602838392091e-02 -2.113168987166294532e-02 -3.391533145643135794e-02 1.324155346662758692e-02
3.294774548163011740e+00 7.696794502446005382e+00 8.051697234928231750e-02 -2.528278551064747082e-02 6.617642190147185466e-02 9.357561250818163812e-02 -5.861922452561248165e-02
9.881840424766584974e+00 3.234977717932324737e+01 -5.048767427678027553e-02 -8.965168200304259039e-02 -7.885234690884937447e-02 7.769580967094769086e-02 5.647792136072352087e-02
4.304213831763858522e+00 1.239027290957475635e+01 -9.961915236979523858e-02 9.160825943037703700e-02 8.099576481315917675e-02 7.577292041146621582e-02 -2.117302620628966348e-03
3.047808920784376596e+00 8.785863807467588771e+00 6.627284025320442917e-02 6.455090700589993791e-02 6.792786445535989315e-02 6.872209628434589046e-02 -7.334356592027875543e-02
7.588067651528566770e+00 1.992896561169364134e+01 -5.701243017465607021e-02 5.863368787828263096e-02 -1.189895214968203496e-02 1.269956192763484204e-02 2.396734705561209822e-02
6.822172006827461388e+00 2.437344618807943064e+00 -1.436245608702377274e-02 2.172386675070483997e-02 -3.036269969670675473e-02 -7.617194873948883449e-02 1.679513798895415633e-02
3.205169456965208941e+00 1.768728250828732484e+01 -2.973429079408602960e-02 9.030640480779725254e-02 -3.186951969392658179e-02 -2.430164295435546795e-02 9.255161239856299349e-02
2.913713053667332353e+00 2.822120097542537565e+01 3.387515876306393392e-02 6.496904841406406228e-02 -4.745554096766904650e-02 -4.762046096232180198e-02 5.052175817496756816e-02
6.503791607675401210e+00 2.824734539060531802e+01 4.461488607563238173e-02 7.338104913222379122e-02 9.772785464166658387e-02 9.687650658189608799e-02 7.211579037474818987e-02
4.875956632646305522e+00 2.328938194663162875e+01 2.444426153618765862e-02 7.201492199424594509e-02 8.378185662563764069e-03 -9.986732225649175287e-02 -5.303899608478244293e-02
2.437377339147194011e+00 3.090794577057275561e+01 -9.989270105655712051e-02 -6.481339368041810767e-02 1.842777799395897698e-02 9.130987553677810675e-02 8.642248577398908838e-02
8.801835591159550276e+00 1.147278324523412429e+01 -7.700235065641675147e-02 -6.907275423599001929e-02 3.580702277866068539e-02 1.876463779200976401e-04 1.726100774292216311e-02
4.757388709518363790e+00 2.997784573666466557e+01 3.404658849332894976e-02 -7.129228694379186049e-02 -3.322142453331466960e-02 -1.957871322568585648e-02 7.679397584024910683e-02
3.141980867453768589e+00 1.664093322725534563e+01 3.077517168657192825e-02 -2.742121677921403877e-02 1.744509384553909193e-02 -2.846650227330609073e-02 -2.928357052408139816e-02
1.083485195433493864e+00 3.346614916876610124e+01 9.768692923608132683e-02 -7.756822127989747295e-02 -5.031771749348734613e-02 8.785734466115904806e-02 -4.378766044283604469e-02
4.017405053002022441e+00 1.439401594761339354e+01 -5.144845428271541121e-02 1.340684954694168485e-02 -2.000855152220953892e-03 6.246372479311701476e-03 -9.383866545721103458e-02
6.391304925804252690e+00 1.406963640998011300e+01 -2.564737466645532205e-02 -9.013531161054744167e-03 3.265127599168776706e-02 -8.742378840308845378e-02 -9.141811394963689219e-02
3.214782210030602716e+00 3.294379540393100569e+01 -9.928368197501560855e-02 9.437612553968063867e-02 1.257623121864312465e-02 3.611552137764256765e-02 4.812586140262714585e-02
7.657425843994587034e+00 5.965612456425145815e+00 9.344536856237800615e-02 -2.608009402776251262e-03 2.202426314463626356e-02 7.647934193514177581e-02 -2.239294972277658391e-02
7.082446096207593023e+00 9.500375343092411384e+00 8.808807763225576237e-02 8.777315548318773142e-02 -8.226045958717714823e-02 7.872438298813591584e-02 3.153517659715263100e-02
3.397228241156437623e+00 1.551819237988095734e+00 3.647662524780842519e-02 -4.404606912243841377e-03 -1.806954067429340782e-02 -3.194549193943221899e-02 -4.888848406676656044e-02
2.016003295421720853e+00 2.976569524081648765e+01 5.579068903755521336e-02 -6.512230751420347574e-02 -6.390427368162250599e-02 7.059591374310733580e-02 -2.833267091740393484e-03
2.543861264528693766e+00 1.607297500242666288e+01 5.759199501367714968e-02 -5.721682189678096997e-02 3.799704757248695275e-02 -4.863261016955003346e-02 2.444716833926474653e-02
2.418950977461767682e+00 5.270092450836697751e+00 9.252306694046261160e-02 -3.322564416546668065e-02 1.360466998185878851e-02 -7.144286209118920483e-02 -5.388881028701995174e-02
2.811154351969180620e+00 6.211615092430759155e+00 5.233528807218629231e-02 -6.807285596367701475e-02 -4.985878910462154118e-02 2.540306157837252110e-02 1.893593291088409292e-02
6.327250155615106841e+00 2.586996021441797922e+01 -4.728531734665084724e-02 1.218113871715709173e-02 -1.064470139408994764e-02 -4.949997696762600818e-02 -4.760801301160886428e-02
4.571375779558612962e+00 2.954867505515885640e+01 5.298939741725933184e-03 -2.169853448211234159e-02 -2.504168003867333903e-02 4.794806482136759751e-02 6.841481904103571821e-02
8.073588032173846685e+00 2.431213685370988742e+01 5.589191540325319507e-02 5.073798638288781748e-02 -9.220238034447712783e-02 8.282296338335709551e-02 -9.411078032803250892e-02
