2.645737204807330656e+00 2.827498697608016087e+01 -7.660525470435385065e-02 3.234838586451674325e-02 4.979325415910651476e-02 -2.104169124662758072e-02 1.582985763399806511e-02
6.550895263363067045e+00 1.257057791370800182e+01 5.677787365274447606e-02 9.426217838325778864e-02 4.403637881361921469e-02 -1.204557090999307245e-02 8.858613105774323926e-02
3.694842985243588007e+00 4.099377547752932394e+00 -5.747671534904777446e-02 -8.907978761727218531e-02 3.978087187990689277e-02 9.386033841593532934e-05 4.108924475883443672e-03
1.605963762869647926e+00 1.273711782166359363e+01 -8.509832112211464239e-02 -4.639210297122464688e-02 8.643020532569237191e-02 -3.840600209623364070e-02 4.804143476118377665e-02
2.899580210222751475e+00 8.225178146695586889e+00 -9.752486046475541959e-02 2.592440634723691684e-02 4.165269890435213673e-02 -1.304724569968467029e-02 4.283608061171062520e-04
6.476999207076008958e+00 1.603007996219024989e+01 -1.157403792737568549e-02 8.520581336294114072e-02 -2.319168235652316334e-02 2.842345369214530071e-03 -1.644686297628622507e-03
5.894590478773547915e+00 1.638417256899201391e+01 -5.420630787616947249e-02 4.372291878591200165e-02 -5.494917675478133701e-03 8.386709097644515221e-02 -9.531957403682721208e-02
5.687606844212023560e+00 3.090417955425759899e+01 -7.038016577349071046e-02 9.007911237522153725e-02 8.857410610105073689e-03 -8.807391765450929555e-02 -9.966984933659527035e-02
5.221153744071700409e+00 1.915118417617701629e+00 8.871869525710771032e-03 1.815491204028432670e-02 9.404505618138833678e-02 9.196464619711874899e-02 5.900078901262048592e-02
7.478379053217817152e+00 2.238915938675267370e+01 6.876909252674090478e-04 1.052730608849808402e-02 9.039879051666163678e-02 -8.764085276243167855e-02 -3.344872517565151970e-02
7.373140330721093427e+00 5.228437306933048312e+00 1.736523134073326979e-02 -2.813815489886642429e-02 -8.624423121992340346e-02 -8.380147252185310425e-02 -9.038409507051575753e-02
4.660010554232394853e+00 1.456678897480212598e+01 7.358898894786511380e-03 7.659967007775506098e-02 -5.667558324067761832e-03 3.548267545909616905e-03 8.412987093959736762e-02
5.315563858654654084e+00 2.237135990610583747e+01 8.363080187061486259e-02 3.219186479905725151e-02 -4.524924958008998133e-02 1.752800282653180219e-02 6.821540541243217848e-03
2.803697578846708005e+00 4.463362320784347581e-01 3.443818057623765361e-02 -3.020769488456827301e-02 9.441205181595577201e-02 5.135047671668530045e-02 -2.131373834232901110e-02
8.665997056271951493e+00 3.173902161857477466e+01 2.569741830280986017e-02 6.771765541468954819e-02 9.425300697503996572e-02 -4.583515985277338001e-02 7.491962798103532495e-02
9.527733318383402761e+00 1.270618288257748318e+01 7.556088680491998555e-03 6.203661691830661407e-02 -2.325848472598215921e-02 7.188587086402464799e-03 -7.042135788426680254e-02
4.700050929391919041e+00 2.495083050512497636e+01 -4.947369305679671925e-02 5.150575221296674333e-02 -8.693410073979029873e-03 -2.109024564758303633e-02 -2.215605325557615246e-02
6.606219799847630192e+00 2.580907956557814131e+01 -8.481790529671998091e-02 -6.008344674139370206e-02 -7.968575057133811534e-02 -1.517740954741816917e-02 8.602289512476060662e-02
4.728726741563209046e+00 3.064510058033895490e+01 -7.525945158449998118e-02 -7.599733193201291259e-02 -6.651334889665935779e-02 7.334952032841829395e-02 -1.351931217363952498e-02
3.397814357740355895e+00 2.776537406542934505e+01 7.383392774586364227e-02 -4.783874169777862367e-02 -4.643578762097777535e-02 7.799236922005967076e-02 -4.973044344477857426e-02
6.674985642148502762e+00 3.497156923628250258e+00 -7.048086760512523030e-02 -2.831665231687040263e-02 -5.946195026399310468e-02 4.498200812455016573e-02 -8.160635762168147456e-02
5.919580322846679010e+00 9.710115665065832680e-01 -2.387398309410218578e-03 1.200486054811648884e-02 1.105213248686870431e-03 -5.907125448483396823e-02 1.147257610791416194e-02
7.571665137631453213e+00 3.160863778486459097e+01 -9.413187096545527766e-02 -7.127384908051703771e-02 5.577806899756559966e-02 -2.803761860264852857e-02 -9.121770556590930168e-02
3.130267731200512493e+00 7.924988414573840068e+00 4.651108224417166426e-02 -2.249499468740820407e-02 2.413274611816140780e-02 -5.998453390706677546e-02 -3.447027094295362915e-02
2.482493239182569145e+00 9.450085626396283800e+00 -1.221202488815198439e-02 -4.344889029161465299e-02 8.050753287056541807e-02 -8.759913841764260800e-02 -3.448881630757996697e-02
1.188920020327269622e+00 1.791443547139828851e+01 -1.706847617934878492e-02 -8.155281495264710134e-02 -9.952701595961999104e-02 8.736671507555193728e-03 -9.106964499070953345e-02
2.647565499329999739e+00 2.476268138225054649e+00 -9.372905000619789762e-02 8.624907609137849596e-02 -3.051454584888131649e-02 -5.676987494993910449e-02 -9.956339972617894718e-02
2.311854342732233114e+00 2.191844423648197093e+01 -4.824412886188747529e-02 2.590323262986096720e-02 -8.374559595441025128e-02 -4.493649242068913779e-02 -1.525435622341089759e-02
5.604519869617978323e+00 1.685338291643861908e+01 -9.777319903741468754e-02 9.817009852618244214e-02 5.660789591528186948e-02 7.951677064144505036e-02 9.493243534581277676e-02
6.999067810306511817e+00 2.879711651016222262e+01 -1.081606860489177369e-02 2.593665479406798147e-02 -6.406292122314502513e-02 6.031016078883760789e-03 4.446299133868183984e-02
6.425484840803144415e+00 2.926761383628608471e+01 3.232027380900273639e-02 -7.372457400860675525e-02 7.754310623369689570e-02 -3.863408223670816710e-03 9.213630117187268653e-02
5.530293237641112469e+00 1.254686767314415796e+01 1.815533650087193529e-02 9.196440723977591936e-02 -7.830202184183915337e-02 6.348324909142871730e-02 3.486827902805839097e-02
2.161599430215795259e+00 3.725909393826387639e+00 -6.203329755687008590e-02 7.218537056247278927e-02 -2.322686579027088971e-02 9.724846907570322552e-02 -5.972617887790725860e-02
9.668296882526748348e+00 1.603996807428596405e+00 -5.610068647766126848e-02 -2.686365205950978774e-02 1.320165181914245700e-03 -5.860639814176160645e-02 3.905351963764139289e-03
2.693257209027452692e+00 9.071117235712272020e+00 -9.345545839809886457e-02 8.470569170699590589e-02 6.477161909023845809e-02 3.424211089027659471e-02 -2.462670054768704986e-02
4.188821357769528575e+00 2.160851438133052227e+01 3.600808432445468110e-02 -9.767901196380124329e-02 -3.600447329001121854e-02 -4.262084908639010572e-02 4.793148628627005858e-02
4.107936211228688350e+00 9.648626121483012241e+00 -7.069201260259212749e-02 -4.942616601083485439e-02 3.860887350297256826e-03 -9.865504860608927118e-02 -5.183154819900837040e-03
5.215521100637221963e+00 2.137136774441178133e+01 4.152968217136959739e-02 8.998644854087764489e-02 7.460258323386448343e-02 -8.060730312920744156e-02 1.199367075406021499e-03
8.205089944000988567e+00 7.148857485074552542e+00 -5.470564587915038857e-02 -3.256699810827479169e-02 -7.347316475009009473e-02 -8.838784326546667014e-02 1.764994303756159399e-02
3.559196925723342009e+00 6.534774644488440032e+00 -7.850701635933524103e-02 8.079026780817372133e-02 -7.152951654120272285e-02 7.749319610275337555e-02 1.514654629242122297e-02
3.273985389035176219e+00 2.260403271830983485e+01 4.017029014793399577e-02 7.882678485852337436e-02 4.600502295668723596e-02 -3.413480868365273424e-02 -4.979917207712190180e-02
4.297294317900210103e+00 3.951808685170024038e+00 -7.515402064363896351e-02 -4.847612308436693301e-02 -3.864126314412341667e-02 6.361413697031922942e-02 9.112446661262801895e-02
1.133356706663014357e+00 8.849605930898448491e+00 1.433458278009591691e-02 7.899045950045843756e-02 -7.579653999691085553e-02 9.596689708329780855e-02 7.549794501420750703e-03
6.787530236407786077e+00 1.684075236769637840e+01 -7.922684931107411288e-02 1.081032150128641289e-03 -6.738834957612255261e-02 -4.771918214867205965e-02 5.264513693742364775e-02
4.180753000955231613e+00 4.143472672307063398e+00 -4.724637153864597039e-02 -1.450237823947904403e-02 -7.967953235534448730e-02 3.930623674345207208e-02 -8.626816940599624228e-02
6.916437186993665165e+00 9.586164657531412558e+00 -2.605172916678939743e-02 4.242401920028099349e-02 -8.246108119167397388e-02 -3.324397311461502191e-03 7.741322881653275867e-02
9.979870971263325785e+00 1.056728370793559257e+01 -6.881871095785972725e-02 -8.007269570947771198e-02 -2.083620085579380998e-02 -7.970980791403611820e-03 -7.836842659178683279e-02
3.417546474816923308e+00 1.700268486405037649e+01 -6.432295388684799997e-02 2.803074495056656623e-02 9.200006782890013390e-02 2.003946940580798863e-02 -3.636733262877658857e-02
3.755007728485129093e+00 6.645427382623939394e+00 -3.690624774223649762e-02 6.600473026833453272e-02 -3.590164037435886191e-02 -9.849514989419108635e-02 -7.252785893633706404e-02
