6.613869907859678321e+00 1.394021585213323888e+01 4.544427353676827597e-02 -8.340709506221255509e-02 3.613195737274638164e-02 -1.631069020640049660e-02 -3.775164821403609317e-03
3.192084969585599286e+00 1.566885128620126544e+01 2.951742117761349538e-03 6.283136379431530916e-02 9.837914189416144262e-02 2.496752662048225269e-02 -5.236121446613679897e-02
6.286629543355153338e+00 2.109734473121763543e+01 -7.321221128836169489e-02 -1.012187080337430267e-02 3.480690373010036920e-02 7.042924479970844032e-02 -9.442541462368114757e-02
5.721765279705158136e+00 1.890703508891247608e+01 -3.489613429500096342e-02 4.984905740129816354e-02 3.258761711302216035e-02 -9.939523472833833306e-02 -6.334095809657876164e-02
5.949183729702906653e+00 1.585446608759400888e+01 -1.222864702615533705e-02 -9.329232979662849257e-02 8.776566926890902454e-02 -2.799696302522768077e-02 -9.625700349938280664e-02
3.749963448416479217e+00 1.404758446594853361e+01 7.607664326351315509e-02 8.421218915248954162e-02 -7.071406724848415537e-02 1.093504427548186442e-02 2.920432704765660303e-02
7.140670583175517727e+00 4.630156738058097687e+00 -3.887618360486295999e-02 -5.661229847611937149e-02 2.343625361584725231e-02 -8.790855059978430752e-02 7.716578253859507353e-02
9.998875358583934059e+00 2.647705905783868729e+01 5.772850433322643249e-02 8.054484417769375293e-03 8.930802443789243039e-02 -6.552896355190410138e-02 -9.659502997050567474e-02
6.049805669805701669e+00 7.978718304879659939e+00 6.445668396617518225e-02 5.854560805534914092e-02 -1.888475726056304538e-02 1.886212851731410012e-02 -9.932993872659667822e-02
3.354775914898742606e+00 1.234638175615580558e+01 -6.558292533361634313e-02 4.613305019843538801e-02 3.731352457094661013e-02 3.441980093623636661e-02 -8.317019645748330303e-02
3.464893532313262803e+00 1.962392526997335906e+01 5.445635307386773039e-03 -9.465336777523425393e-02 9.305467527684210816e-02 -2.214541473655207149e-02 -2.766236512721974294e-02
1.211412051969434467e+00 1.601325209097872904e+00 -6.022435440040048438e-02 -5.095495287094480713e-02 4.114263370877441206e-02 -9.498409094475875059e-02 -5.164685234502317673e-02
1.129146450062210150e+00 6.173113477259223325e-01 -5.843952294548596105e-02 -3.121769070179265804e-02 -9.947707195488651732e-02 7.047947259834524969e-02 6.566366249527830212e-02
3.136574210898417370e+00 2.021935817793272960e+01 -7.992688574350868824e-02 -2.071761458772303222e-02 -5.484516276265989643e-02 6.999185434619650814e-02 2.399164137946988018e-02
3.594078083213453567e+00 2.039099360076726342e+01 -2.630134995466378023e-02 7.683792044674492283e-02 9.709049842652417439e-03 -5.075852678531145301e-02 -1.838822242953944142e-02
5.728024599714848009e+00 6.019899988077302311e+00 5.709047253361265728e-02 2.988289922010237132e-02 -2.148275369881480490e-02 6.582582011294443869e-02 2.847966509339314167e-03
2.204372834590254904e+00 2.874375474537023578e+01 3.407572158410970831e-02 -5.268929068266188509e-02 7.095302609315495834e-02 2.510822583918673190e-02 8.408730611131859378e-02
8.557290227410879524e+00 3.449825302492635615e+01 1.587241774504197234e-02 -1.290305846810176071e-02 -2.073424343373661549e-02 3.138490511638641900e-02 3.986532674904633144e-03
3.363593949590318655e+00 2.887753596776155618e+01 6.186098015371543912e-02 -7.623947202586328631e-02 4.940117652783432289e-02 -5.877787519618611622e-02 1.682163464019581500e-02
1.052648140640433994e+00 1.413270793962058036e+01 -8.173204586825162654e-02 3.546873977854916871e-02 3.723698929327068363e-02 -8.916546205660375035e-02 2.240932853121463397e-03
7.883733107798551742e+00 3.126719098878150049e+01 7.930461676557734596e-02 6.201844547147200570e-04 -9.020773063482552534e-02 -9.718738103231797099e-02 5.715850321011478608e-02
5.555420688039929722e+00 2.615795952074031039e+00 2.690703484200090978e-02 -4.577798982051311388e-02 7.182305616205997278e-02 -2.648505244739407516e-02 -5.608414236548436155e-02
5.179084865913100799e+00 2.149693975466263041e+01 1.080103436257917604e-02 3.869367686555097441e-02 -7.087825868014305253e-03 9.681736105308519358e-02 1.916727489201222601e-02
9.274720287116352324e+00 2.778791314355062525e+01 -9.285460563128788980e-02 8.041801929033445817e-02 -2.234568153610701213e-02 -3.567741897065755674e-02 -8.615865091297425504e-02
6.131776674878034683e+00 3.193836657243872779e+01 1.846338664330240964e-02 5.750442362318725076e-03 -7.310611170943420722e-03 8.265462959545061272e-02 6.926769663032525393e-02
7.836025389465849145e+00 2.927479376263556077e+01 -7.287860447446554979e-02 5.655094243683761457e-02 7.594996177292281936e-02 9.423226904323334097e-02 -9.490574935008984359e-02
5.076396988335673655e+00 1.449579963820491280e+01 -6.606146118880953932e-03 -9.789554325574240101e-03 -5.253622071334989457e-02 -9.040018622746726074e-02 9.874392372217064007e-02
3.995982054421444829e+00 1.097606531181645373e+01 -2.756722772865516369e-02 5.839245676129645179e-02 7.357400294403015906e-03 -6.787355716331924804e-02 -9.094211286261109917e-02
7.662451241010835190e+00 2.430465208217212236e+01 -6.250842818760313224e-02 2.154990467134232368e-02 9.813543439901689647e-02 1.019083643117228710e-02 9.464826808611045972e-02
2.841548447649640874e+00 1.187578560994162480e-01 -7.881144706212346585e-02 -5.603803995460876486e-02 1.267798098869316048e-03 -5.082400323785585261e-02 -7.623564974574750797e-02
4.392357019357106651e+00 8.709212332671464551e+00 7.268403095546530079e-02 9.586328430664056710e-02 3.801421136147645208e-02 -2.067188812636162887e-02 3.002807880223892778e-02
8.679946093053253264e+00 2.933388690408811428e+01 -1.976680552239322430e-02 8.026716922752089034e-02 8.591847111281100680e-02 8.796582935584212892e-02 -7.814267148051146084e-02
3.732218769729482410e+00 1.584834532391670692e+01 -4.509721129721229460e-02 -9.009496438203845603e-02 -9.199575926146780214e-02 -9.640685944792962148e-02 5.784482548528299684e-02
2.087076974805255780e+00 8.516455565750337797e+00 -8.353794886344299842e-02 -7.945047364932114609e-02 1.645411491723100528e-02 9.014879969206351928e-02 -7.857411871968122963e-02
1.796590262188143994e+00 3.143028553328240093e+01 -3.086101168707426623e-02 5.335396525865185313e-02 2.828635063112050485e-02 -7.464346243365059530e-02 -6.557831218197182621e-02
1.007625330727320634e+00 3.392218251872208157e+01 1.207065819481614732e-02 -6.938068343432886309e-02 -2.187153761578583544e-02 -7.470018578644327389e-02 -7.787483863105384985e-02
3.685090576832648068e+00 1.907740928257019064e+01 6.474229578027970722e-02 -8.649631574946899104e-02 -6.528032325650576229e-02 1.156875030755372125e-03 -2.296410360406690720e-02
2.164197675984473879e+00 3.065307651259309552e+01 5.219914857817423148e-02 -4.246761755669703486e-02 5.637158329049204997e-02 -2.117445137856313608e-02 2.451082457495026845e-02
2.461632194368624127e+00 8.416949407705693886e+00 6.667387875041652645e-02 -7.667412980123040900e-02 4.694994840257810109e-02 7.064884823777717315e-02 -9.511140947317123229e-02
7.732335402921143519e+00 2.648481782453813693e+01 -4.646913252464211080e-02 -6.258983395859736565e-02 2.208876237469029058e-02 9.397504888302907200e-02 9.388921221906521009e-02
8.984474963093518340e+00 3.115377305836597444e+01 -2.431653405969425030e-02 9.661671936733476351e-02 3.051306954369953361e-02 -3.560031161526518162e-02 -7.385351292944304646e-02
5.575127998681734809e+00 3.273546692416473292e+01 -6.367333864151925038e-02 3.092420708065146684e-03 8.123458762745028316e-02 -4.693693770015232997e-02 -5.700305535872947360e-02
2.065294738863965751e+00 1.179298832872647651e+01 -2.993788294045933440e-02 -4.957449772289750783e-02 -8.399029272043412320e-02 8.628544288117234728e-02 -2.216136730992804282e-02
2.060884496977809732e+00 1.408803004723814034e+01 -9.710920915035325951e-02 9.038176618539847662e-02 3.973949052131600657e-02 -4.518468784613281081e-02 -2.328900590429290596e-02
3.210957006658293533e+00 2.364079183959669095e+01 -4.894838231098799786e-02 -9.575684951822899249e-04 7.407819485572869622e-03 9.583432935439870071e-02 7.463445152854120135e-02
1.024899644283519873e+00 2.616982630639148866e+01 1.365856861790344656e-02 3.333042388391319055e-02 8.315199462848316125e-02 -9.438838760151609109e-02 -5.788334446273510348e-03
7.010535163208324150e+00 1.502416862503375405e+01 -8.313503840136669820e-02 -4.705276968506688640e-02 7.605900797103157251e-02 8.751905146410818293e-03 -1.256629663123567942e-02
3.299305008682090090e+00 2.108152336139164618e+01 2.269134492986484009e-02 2.153880341383744568e-02 -2.182283396935907893e-03 -1.573167535417388518e-02 8.542656293405917478e-02
1.501056158641421057e+00 5.643246119294397900e+00 -4.500246017967468593e-02 -9.538477871320101553e-02 -7.857392270371264809e-02 -5.796611146072869897e-02 2.794481530863879293e-02
