7.786304753302335513e+00 5.663750690920410946e+00 5.896372315997439051e-02 9.496374879391664137e-02 -2.980933675425621876e-02 -6.070052551014531311e-02 2.655953486612011583e-02
5.665831937078247726e+00 2.510029367004741729e+01 -1.868612404095397472e-02 2.412030704490746025e-02 -8.829825564429859275e-02 4.889208552502147254e-03 -4.549391653050767481e-02
7.238622385971035023e+00 5.961422757296064745e+00 1.001936958716179160e-02 7.689886826747280302e-02 -6.718545142597505404e-02 1.466207132297198124e-03 -9.194422472296573390e-02
7.828499639060379600e+00 1.311381983621706127e+01 -4.808690089794384614e-03 7.158570378130679757e-02 7.028534100610703272e-03 -5.948038070808967653e-02 -2.668638061444635057e-02
4.481192716591925418e+00 8.749218639992756508e+00 8.365907826523757973e-02 -8.488025313861431720e-02 8.945460026366833239e-02 1.779550847691087345e-02 -9.970841850210646062e-03
9.967189834328985754e+00 3.435692074697402632e+01 9.899993396311607130e-02 -6.801942701485794163e-02 -1.105865309378573080e-02 6.242437733062181082e-02 -4.996446797663283562e-02
5.049579601110999683e+00 3.264947961877303584e+01 6.614525779373350844e-02 5.355356626340088133e-02 2.024621728847135482e-02 9.995163155227243523e-02 7.369797261377905584e-02
4.751410256079323879e+00 7.565741629314515215e-01 -9.026457677632207521e-02 -3.443437951717087664e-02 9.265038812195269813e-02 -9.559611690068690881e-02 1.895023683005092607e-03
4.827026182404901888e+00 8.268395235487675521e+00 -3.029290160523423481e-02 -8.789024425958620601e-02 -4.033870449999013563e-02 1.322691064878896150e-02 -9.574485729870137185e-02
9.715934930649485324e+00 2.265372178335037390e+01 -5.817261506654738956e-02 -4.700169636141032781e-03 4.311526148988817364e-03 -7.432363447585660365e-03 -9.081231290309182969e-02
7.436140872261999490e+00 2.363782790631496056e+01 -9.884553355057351665e-02 -9.229655732118378919e-02 -6.437889998136717140e-02 -5.273035649364155031e-02 -5.849440970184754257e-02
3.530628909489931466e+00 2.687791237663078547e+01 -6.618305373070385023e-02 -1.668152618626365935e-02 -8.503810979693410266e-02 5.585546921782183483e-02 -3.832808645371939271e-02
7.759402259130781410e+00 9.964335123980111675e+00 4.988112669580407887e-02 4.156122990896513048e-02 -8.841191893256905576e-02 -4.173099986396044958e-02 -1.379216207211438061e-02
1.969435418310738095e+00 1.706730862853645281e+00 -7.653650101609139889e-02 5.362149009937852706e-02 8.427021506725751454e-02 -9.907730725761020041e-02 6.782836152473081803e-02
8.374467879633421319e+00 8.832819938180783481e+00 4.304161994112126743e-02 -4.592941510696742224e-02 2.873401886446863562e-02 -3.212026042713310436e-02 -1.531250184076031473e-02
9.914723453141812470e+00 1.702689100210202255e+01 -7.429177549245720436e-02 6.156498170337232345e-02 -4.758219471136920092e-02 9.060969219455977663e-02 9.242484731898062411e-02
6.355348303712601066e+00 7.032477881451962176e+00 3.755923691418264210e-02 -6.540559522994857100e-02 -5.787838030969050251e-02 -9.388763120647863891e-02 5.698866443698361040e-02
3.665801897716846725e+00 1.876911483740779119e+01 -1.738771383893851497e-02 2.352722335119546149e-02 -3.097859039177322527e-03 7.421575869072824516e-02 -7.903401662670904437e-02
3.626689578008471138e+00 1.999798862111419240e+01 -7.911316347520154502e-02 5.615045390874082165e-02 -5.701918858767276999e-02 1.076941216523825962e-02 3.156835701281518469e-02
3.702739156472975246e+00 2.529516129711728567e+01 -4.241963363511722096e-03 -5.565502735393319800e-02 7.339376119537124876e-03 -9.885207576943831620e-02 6.722479248076093650e-02
2.189489953973156489e+00 2.940043618606058118e+01 6.592226567850509311e-02 -3.114931233505946473e-02 5.241830196942762199e-02 1.224792581377401324e-02 -2.456806904811485726e-02
3.240885268710628875e+00 2.395406649950332678e+01 8.883806996939017098e-02 -9.933852377481047768e-02 -1.500906255923335764e-02 3.474703431427178524e-02 -1.540248157610671353e-02
3.751924844908245404e+00 2.359664929774454123e+01 5.949529918256388217e-02 7.397980265763678953e-02 -7.856647104293379424e-02 -8.036807484873026430e-02 4.754497660285245120e-02
4.213691645599219271e+00 6.805495839157343241e+00 -7.000561025088797296e-02 -1.514232222664199656e-02 7.943837240849765946e-03 8.530230221659823586e-02 6.571322331056880794e-02
2.639842234066387405e+00 7.310357822940861894e+00 1.157106438420354988e-02 8.641453433841117526e-02 -8.544448181906277862e-02 -1.282107289435815978e-02 -6.796333373688623336e-02
6.764123332503976904e+00 3.005799282855583954e+01 -2.588767108565474817e-02 -8.493666854496809138e-02 -1.255161691526167356e-02 9.325455672698179654e-02 7.624590310113682490e-02
8.200245317545205026e+00 2.774218000108112037e+01 4.769539837966713103e-02 -9.729154407941559279e-03 4.082166989066413065e-02 -3.397191296488444312e-02 -7.990030534811054519e-02
1.468963780786942230e+00 7.486182042345316923e+00 4.754817103322284133e-02 -3.631085219972718381e-02 -1.182566055238867819e-02 7.446448207186343038e-02 -3.875093662888844798e-02
5.944593619997776912e+00 2.633768804099122463e+01 6.744460386700248944e-03 -4.784848088455913306e-02 -9.020060890174759483e-02 -5.985265881768941920e-02 -2.020977734315423935e-02
4.035747370922299737e+00 1.688479208524388042e+01 6.253944590283305738e-03 -4.811272683205441297e-02 -6.696131789562695391e-02 -5.805480265969107517e-02 8.091056116387357333e-03
9.922670412044690025e+00 3.355748940180197337e+01 -5.949585195173737184e-02 -9.940891244493520185e-02 -5.369197029250247222e-03 1.472940397639599386e-02 7.897955208652909787e-02
2.099843356505129766e+00 2.508600681410122490e+01 -9.826590907605886605e-02 4.685462754465802293e-02 -9.588048371959584371e-02 -6.890797472249449163e-02 7.483364167669112610e-02
5.421339564321585591e+00 2.072830448897483535e+01 -6.389587821935271972e-02 -6.814298683837236026e-02 4.725759078615671127e-02 6.455512300969376560e-02 -4.550159760919020302e-03
6.267803134748476168e+00 1.054724705769261384e+01 9.280724120125669052e-02 1.420279870138743683e-02 -3.277343184184870750e-02 -4.356048208545654221e-03 6.771213008549548107e-03
6.395877803288326113e+00 1.168776760606418108e+01 -2.556302108354972791e-02 5.920405619949753451e-02 -9.691327609745155336e-02 -2.325346140285702856e-02 2.601825418339259732e-02
3.658778965150928819e+00 2.570261620019897109e+01 2.920215116833407842e-03 -8.139801644544608639e-02 -4.933922219174427526e-02 -9.012823345779152895e-02 -9.786540217448987111e-02
3.543377547857814225e+00 1.808029413538918817e+01 1.415266210825086302e-02 9.221955900042919096e-02 5.990217359926472418e-02 7.570334855882501768e-02 -3.033686901205710773e-02
4.558976767434272048e+00 1.323262102408416041e+01 2.443997003568579296e-02 4.292204417756156909e-02 7.501479749486014703e-02 3.784825670298808120e-02 2.464474948114651898e-02
6.201242591089298095e+00 2.926471750602951261e+01 -7.826928189146123427e-02 -6.709487448828960199e-04 -9.477853225189203368e-02 -7.160886686303424842e-02 -3.943527485815996603e-02
9.859664154716469397e+00 2.665537733150272093e+00 -8.954353486798101447e-02 -1.540574814487369326e-03 -6.353403504890958731e-02 -1.581312784951702244e-03 -2.156979666679556540e-02
7.733295631007001347e+00 5.351273023933988071e+00 7.949643885008961242e-03 9.236748966142047101e-02 -7.204922970720706310e-02 4.932398999236853321e-02 -8.916217572004553338e-02
6.914318084134782438e+00 3.174028298066336973e+01 -3.473244832797335591e-02 2.267077361442823569e-02 9.936366899206586223e-03 -9.417159222560689269e-02 -4.992236290927536818e-02
5.443231724515852576e+00 1.966077397695587692e+01 -7.182308410997458037e-02 4.884823557427231400e-02 -7.367390985578972651e-02 6.627393393328240290e-02 8.698040702692161341e-02
9.193505085989327696e+00 2.224944571056968812e+01 -9.900425804005449915e-03 7.095097715889725487e-02 4.733903403214706485e-02 -4.491826882925704922e-02 9.969659362602154018e-02
2.868111276468961801e+00 1.256215226972084986e-01 -6.737435655244224109e-02 3.361558355343277626e-02 -9.798664217050701009e-02 7.801708685617478323e-02 -3.636329242918727445e-02
7.708241033562912570e+00 9.753844983146239045e+00 -1.323338435155940740e-02 5.085945224816576515e-02 -8.765958681279287235e-02 -3.491205669503356923e-02 8.739004136251393717e-03
9.856128114762242376e+00 2.012559986904287967e+01 6.306884182248578830e-02 6.727460132231707912e-02 -1.349217942461464204e-02 4.279631407103198781e-02 2.526920948414709822e-02
4.521030864603700294e+00 3.498943898210922754e+01 1.686960654700353501e-02 -5.145700774567905228e-02 7.835995789186589455e-02 8.487528465480820294e-02 6.022481428908157963e-02
8.433650031323672636e+00 2.772889940551468513e+01 -4.021239562047862481e-02 9.962608043481824271e-02 6.871969398889665737e-02 9.401747444320809888e-02 4.779412329955459726e-02
